    115.44515900543735,
    110.4272465287844,
    114.111959510122,
    107.8088533707496,
    112.70116765357582,
    109.64350493651655,
    113.29823369934414,
    110.61321917509103,
    112.38675550647919,
    109.32817767004835,
    110.07357868166918,
    109.37827185184176,
    111.89355613376696,
    110.20265935410352,
    111.41582361284476,
    108.46733579136222,
    112.23179637756405,
    112.01887802492615,
    112.85738026166301,
    110.06666770532554,
    108.5648898780377,
    112.42862926367549,
    109.54379665198978,
    114.97503452813964,
    110.80406698147225,
    112.02903336846752,
    109.01934833087854,
    110.60899962540275,
    108.62942605699784,
    116.58769129675478,
    111.43273408494582,
    110.9700274228173,
    112.84345972686513,
    113.1084950209088,
    109.15622783476834,
    111.58816200188303,
    108.85547244679887,
    113.71233281677397,
    109.19736905862953,
    109.14958577072656,
    112.87713219118943,
    109.43751299465895,
    109.85256701789943,
    112.67774156384436,
    107.24000420656773,
    109.9113212452764,
    106.49349293655425,
    112.15203521980743,
    109.33008662789423,
    112.59417041168466,
    107.65624436581774,
    114.02937587847444,
    109.87098333222957,
    112.07222740593602,
    109.96276437538407,
    110.51130044673452,
    110.45757719554197,
    113.21548679247032,
    109.00251225811718,
    112.00450554018951,
    109.68219133345302,
    110.95658307884861,
    110.23596401229732,
    111.4633775002877,
    108.5012125596438,
    111.23202895930537,
    108.35227423190143,
    111.64666385418957,
    111.0064997907787,
    108.81723590009929,
    108.96854554489956,
    111.52581720665937,
    109.29898535786667,
    110.39484238493712,
    109.2753846497248,
    112.90618305140552,
    110.90458653047034,
    109.93461805215577,
    113.06128517909175,
    109.64804916757323,
    109.28666314203642,
    111.17169098339434,
    112.43319481301722,
    111.22912049796066,
    111.93333012073211,
    111.97285689916507,
    115.27297085073242,
    110.50526446467758,
    113.4142094934328,
    110.538869649545,
    114.15133750000946,
    114.10834145097078,
    114.10009318024355,
    111.56993906338207,
    108.32068182577358,
    111.43742691467686,
    112.26063160745548,
    114.2317556468309,
    110.00563316675782,
    116.1410123146925
