    154.37752731696634,
    110.89764901457886,
    138.52631802142616,
    131.37940690283793,
    135.2234057201722,
    139.5156446646349,
    134.54739922049382,
    161.1550600493837,
    135.3205359244129,
    154.56097725924565,
    136.83484241311538,
    166.54091882969428,
    107.87332059122038,
    110.71172183491157,
    135.0956635372041,
    177.03033660394706,
    144.83193339802898,
    177.16219308241747,
    110.98410202149465,
    208.67836470275728,
    138.0942544749399,
    187.62829465226127,
    142.48403591151748,
    114.23413431241664,
    109.50482610105566,
    109.04461279820123,
    138.01658836649364,
    162.07771707879195,
    162.51287574452473,
    110.23290458138531,
    159.18841923108764,
    153.01817606181652,
    109.88823075421637,
    113.15619458355097,
    108.00902561381415,
    112.41040882338928,
    108.47148571578387,
    145.21686811699803,
    148.56009550642872,
    138.5326669324141,
    110.77589962796898,
    132.71446579723406,
    160.4704956446113,
    114.29474416043884,
    106.3331882922269,
    111.5812921680223,
    108.84091603932042,
    111.27875932723602,
    175.24175487382504,
    197.3315200861677,
    195.21190977177056,
    109.76716236502682,
    107.82862140981963,
    151.64548346419315,
    109.14033061897871,
    109.54284594592835,
    154.22388743575556,
    108.8046337739429,
    110.85723175107448,
    160.13651381180037,
    107.9485838150708,
    109.45600840481582,
    171.17203656960643,
    109.16024891261026,
    181.28884589938576,
    162.15679966889078,
    200.22669386177353,
    220.42823242011946,
    107.57472041513165,
    107.96586426974099,
    110.14149883040646,
    108.1389540105536,
    109.5530401924012,
    107.09456476759517,
    108.59503690713805,
    109.13282739172432,
    110.69837602066393,
    111.06587319866732,
    107.29058408823835,
    109.50872492520728,
    110.70762264465064,
    174.19462636108543,
    173.60866525246604,
    181.84096168034034,
    111.15007731189647,
    170.03921024967812,
    111.6752454272946,
    108.83704177480553,
    145.26190189621357,
    108.46143395694472,
    111.05157828274734,
    108.00872377607887,
    108.63120095912453,
    110.09709523791331,
    108.64070581015086,
    111.07627210645384,
    112.32918041782193,
    109.24819625095753,
    112.69995515780637,
    108.76331967272783
