    144.96584087020048,
    109.15084034814768,
    196.02227760238443,
    111.40097345473494,
    202.30954273877924,
    164.7833283492785,
    107.35425770695967,
    108.86444428336874,
    108.41343478007624,
    109.34661378742341,
    163.86765955571136,
    108.7685221953593,
    152.0496434926827,
    110.192583620571,
    170.779736885738,
    110.59136788220314,
    177.71749986476433,
    163.27247892248718,
    169.56029460647198,
    174.92108326088876,
    179.8170148412485,
    110.27239525801286,
    162.3306593454729,
    110.01952653736515,
    177.89721911471312,
    109.74901063373615,
    107.41263813818773,
    109.21343858400401,
    109.34268942289027,
    108.49808910224952,
    107.65032600276689,
    106.50192133936697,
    143.61443777023948,
    109.15209816357125,
    169.86472672628875,
    107.30209006236862,
    187.49069640174613,
    143.94771359153285,
    172.40216169250934,
    151.52469988029358,
    166.08438241010933,
    108.32322024089322,
    112.7837084726619,
    110.62939014750773,
    111.1024653600124,
    112.94672785126353,
    110.87225953678738,
    173.87111799847722,
    162.2606791162808,
    181.03814463478193,
    151.21929702090534,
    180.44781170230243,
    178.70586959694023,
    150.96455947425292,
    175.02215092823175,
    112.96143231859645,
    201.19250159403353,
    111.02166135013982,
    110.16179150044788,
    203.1276841945546,
    107.66548778556911,
    209.7066400127715,
    113.0512869116253,
    108.49773013270031,
    108.73473287868596,
    146.91577760073898,
    108.67332221868762,
    147.95769494599458,
    110.38146620348867,
    171.02782668687706,
    112.82187198726135,
    105.22784647888552,
    105.34109490828487,
    107.8272408799542,
    104.96618649338573,
    109.35844907720953,
    104.93422932405045,
    110.8892487435204,
    106.50320221199308,
    161.19585381455232,
    107.40654239138027,
    108.99174359788026,
    181.79980524332217,
    166.80004091999,
    104.96608949121502,
    166.0506116488382,
    105.66153326491282,
    163.68121516990973,
    108.24956057680305,
    154.7623561120273,
    107.51457585157775,
    136.80280605629363,
    108.01542560132388,
    149.2913860644055,
    108.01925686129506,
    173.89330384046195,
    108.61799111310614,
    113.04336453603668,
    107.81726799848613,
    109.44576534501834
