    113.72228744678165,
    111.97301280145054,
    115.86318856706465,
    114.62769477407785,
    114.25791944031482,
    113.34635584075436,
    113.04237805004455,
    115.32664945930678,
    114.72614764442643,
    114.7767223533957,
    116.47643831963146,
    118.99994516230839,
    117.53835368165093,
    115.89923960787772,
    114.24459055600472,
    116.84355458623351,
    115.40560658030986,
    115.19284056421782,
    113.38263180399082,
    112.90285713179603,
    114.0347016544592,
    115.78909021087703,
    114.02954437753523,
    114.19273119221941,
    112.7992351717125,
    113.76667216290775,
    114.52665558096953,
    113.64285830575655,
    114.24169421113713,
    116.98352031458985,
    115.09625351252292,
    117.32217318185394,
    116.95925863045011,
    116.66584485810561,
    113.26703902633218,
    117.57686015705852,
    115.39126542752597,
    117.80298212295521,
    125.62555215679511,
    134.61554533041055,
    119.2282953614576,
    134.85969796159108,
    123.91267755729149,
    127.84902472087275,
    125.18460358530933,
    124.86622201354155,
    120.7790975781726,
    123.6610920222997,
    128.8721922691529,
    120.70196811562715,
    121.62839120463009,
    137.59904817209807,
    118.5549944471851,
    119.38641115254975,
    137.05483344324685,
    120.07552656927662,
    124.93529292889517,
    122.57101233691012,
    123.11878564572106,
    122.90365423067664,
    117.18465353656937,
    114.29295842434263,
    117.54409261493737,
    113.22033938682362,
    112.0871035908577,
    116.1691291753973,
    116.2884970047962,
    114.25952455121448,
    112.82911579761658,
    114.22050313734209,
    114.65382230292711,
    115.17001160615165,
    116.20438856937388,
    117.5066052040278,
    112.8894827431705,
    120.84727187437788,
    115.73006185992172,
    116.11441161627418,
    116.29029662808037,
    114.84070218379928,
    115.23276145348827,
    117.30890182232898,
    116.04932737536043,
    114.29370167759997,
    116.47469027139887,
    115.34670128375535,
    116.27070821086566,
    114.66786582250214,
    115.9091928450487,
    116.77849897322353,
    117.08031125142128,
    115.36094401067639,
    117.03966842408471,
    114.61069448869266,
    117.8595386685027,
    114.56096685735754,
    117.8707655260588,
    114.3244374272712,
    116.66893277047024,
    113.17219276571048
