169.52278069748675,
    153.5401822132683,
    118.09478003606442,
    151.5200392188869,
    165.15511294376043,
    152.30541765518197,
    115.23751111245925,
    197.03187493470207,
    116.10193473158397,
    223.43710630875776,
    155.55530457611803,
    209.03124559415278,
    162.84249563803345,
    151.90483193980174,
    116.84868832324925,
    113.75884044279977,
    183.77020326257755,
    165.25450638626998,
    198.75941548412388,
    115.0996490851594,
    192.0549837789213,
    111.78507945724137,
    169.3940188121163,
    110.01636489922438,
    171.02106333737507,
    113.9403482711884,
    168.01433507419648,
    115.0144897353625,
    113.23787768261033,
    112.3929224944209,
    115.16163810236463,
    174.24760647110438,
    187.8337452300361,
    172.79674835331278,
    115.86627301445635,
    112.89339681298146,
    149.94276606371164,
    112.75037298659802,
    112.02243255563288,
    110.88905459935931,
    111.779570907484,
    114.34592956326902,
    109.06489567221013,
    177.29247755260243,
    111.82606469593739,
    114.2040388586993,
    112.23538101478319,
    113.71851893729135,
    113.64467282675137,
    111.98732080812647,
    147.28795149664336,
    116.6383399253812,
    151.21964809093558,
    160.26179069551347,
    173.7569410440833,
    112.13701663328341,
    114.45379322453871,
    113.97799428212362,
    110.92238604837377,
    113.87146196692763,
    115.42304611266192,
    115.92100924566162,
    113.46158619281482,
    116.54337412414384,
    199.0036819754361,
    165.49487457963443,
    115.3954516914719,
    172.83705994862365,
    113.03047377442219,
    114.03033992803252,
    114.35152661791123,
    161.0371343340709,
    112.85423051278593,
    114.74344660428727,
    114.75991710764227,
    112.39505036303309,
    109.30169933996889,
    171.6863529363042,
    114.8817764093789,
    169.5129309589769,
    111.69495260003731,
    179.2923657541987,
    152.67948654373276,
    113.21015808654988,
    171.35061640545405,
    163.86040332054432,
    115.06394822233912,
    113.61218454022878,
    169.92020065829956,
    112.42129341907003,
    115.0556844225693,
    153.6803744772758,
    182.54199707866493,
    168.4344517936511,
    116.66931386805398,
    180.56881467046438,
    185.79394219210369,
    116.10635328161034,
    112.58282319449232,
    113.19816250922531
