    112.18667982919118,
    163.13530750675162,
    169.3279402450147,
    183.78542293974905,
    115.40872378697705,
    182.44206330701564,
    170.716677784566,
    187.0972326354777,
    190.73209680549965,
    112.02922605006717,
    183.01539204125538,
    113.76467368237184,
    184.34587367787438,
    115.22005583150023,
    113.56658564407104,
    194.9736545111302,
    115.7257047323337,
    113.68661367928047,
    150.6089326058406,
    112.41936584053317,
    114.32792922655803,
    176.57880433932078,
    163.99543188960408,
    185.15345929951724,
    117.48521056220875,
    112.13684901569248,
    194.47672948644416,
    178.65219259003686,
    115.21713675731289,
    178.79491287355822,
    114.50149316228679,
    114.32647416709706,
    178.9886087638035,
    177.57040523789848,
    114.20115777065652,
    114.61458802330645,
    111.09652349532618,
    114.5761144406546,
    113.09122002755738,
    154.19809214795686,
    113.49576705778584,
    191.39678181824797,
    116.23174965013797,
    196.12846381384296,
    108.57612116297383,
    107.88668062901883,
    105.15222357706503,
    113.97147444690519,
    114.36874494284153,
    113.11642438254175,
    116.39340604683694,
    111.14853042433484,
    113.33761902566187,
    113.64884974564397,
    114.75629597027152,
    114.81163595825632,
    112.67895246322634,
    184.46518763894193,
    113.19975196277973,
    177.70014519300844,
    114.27608549298164,
    177.09323111053044,
    112.82033164957141,
    113.29496748929816,
    110.36213380318604,
    174.48708501734728,
    172.81985518681145,
    115.0772375386749,
    112.0702259686183,
    179.90867395978663,
    175.70246075125021,
    112.2543838563897,
    115.18951344324454,
    181.17300719309998,
    115.75833876177575,
    182.50239840359635,
    172.43046953583465,
    115.34171862058109,
    112.75991279351696,
    112.69879445646883,
    175.52166521474825,
    112.68390597159626,
    113.52106882185788,
    112.674774203078,
    113.05382720275907,
    112.84527567798534,
    182.33811306205166,
    166.76669585415482,
    164.63997234729058,
    113.72341089382621,
    112.4873446520414,
    115.1096061063519,
    190.39408173774885,
    113.83620455865494,
    206.8330339260103,
    113.41556534112992,
    178.8595695430137,
    179.5341336186049,
    115.76009959600295,
    170.45888415020437
